-3783 8894 -6868 14974 -2887 7532
-135 -8516 5198 -17809 7299 -12623
105 -4564 3739 -13516 6570 -12216
2961 -8170 8541 -15251 5621 -9076
36 -5093 3159 -16893 4494 -13281
1570 -10138 5299 -17629 3884 -9754
-542 -12069 4252 -22180 5222 -14512
3758 -9500 6045 -15715 4069 -8351
3674 -7614 4696 -12867 4684 -8836
5593 -7622 11128 -17397 7175 -13436
1235 -6516 4590 -13926 5860 -9849
5870 -5868 7145 -15487 5515 -9713
1733 -8285 6159 -15077 4851 -9915
3350 -7588 7726 -15694 8212 -10944
4169 -10750 11242 -16251 8596 -11356
7487 -6539 11380 -11826 7475 -7238
4648 -8969 11362 -14968 6236 -10394
4946 -7066 11497 -10910 10919 -6389
4430 -7601 11088 -13130 8047 -10694
2938 -9398 9083 -16165 7727 -14731
1692 -7033 8022 -15188 8240 -11450
3762 -1659 8588 -12103 5959 -12264
4457 -7509 8934 -11410 8938 -9014
5826 -7607 13160 -13242 6450 -9867
7462 -6528 11232 -14188 5454 -9431
5005 -2554 10280 -9351 7534 -8006
3701 -7568 11239 -12101 10059 -9818
6650 -8477 12643 -14260 6996 -10626
3701 -7082 9433 -14436 8728 -10464
5691 -5208 11027 -11252 8243 -9975
3727 -7235 13872 -15992 10842 -11993
7122 -7959 10419 -18175 7468 -12878
3296 -5371 8959 -10796 7078 -7627
6797 -3905 11712 -9055 6366 -8381
5224 -5248 13528 -14424 9341 -9635
5818 -4503 9412 -13138 8192 -9775
802 -6460 10650 -12585 10248 -10367
6826 -3601 14276 -9613 8195 -9218
3370 -6836 12183 -14407 9644 -11275
4579 -5520 16302 -9782 11267 -6000
5337 -4464 11191 -8141 9119 -5241
-5378 3206 -11991 9809 -8484 11410
-3480 4480 -9838 12942 -6183 10646
-1725 4321 -9803 12686 -9046 11289
-3459 2115 -13084 9084 -12466 12146
-8188 2496 -11141 10779 -9929 9595
-3743 6832 -11034 11145 -9421 6868
-5453 2907 -11954 10811 -10141 7817
-6473 6331 -11395 7518 -9504 7718
-5218 4328 -15417 12206 -14600 10003
-4935 3692 -13466 8997 -9596 9704
-2866 9558 -10516 13104 -10030 8927
-6541 5339 -17268 11458 -13986 8142
-5061 2082 -11377 9977 -11604 6300
-5621 6353 -13952 12289 -10717 10570
-6416 1564 -14335 8079 -10517 6242
-6167 3865 -16303 7630 -11803 4704
-4394 3432 -12879 7868 -13240 8184
-6736 3553 -11980 7006 -12249 5879
-6140 3388 -13403 9214 -10775 9526
-6977 5802 -14814 9541 -11120 7128
-4086 2875 -12043 6061 -9441 6121
-7518 5748 -15587 8733 -12273 3814
-5156 4644 -11298 9975 -12904 5703
-6993 4079 -17063 8427 -13867 5464
-3299 2541 -14867 6139 -15205 5374
-4065 2365 -15542 7128 -13817 6498
-4589 1107 -15832 7666 -12949 7852
-6105 1978 -14212 5514 -13117 4296
-5702 3849 -14196 4639 -12030 2793
-4501 2592 -15252 5622 -14082 4027
-5060 2554 -14357 4916 -14347 2818
-2864 -330 -15463 4473 -14864 5512
-8158 1859 -16101 2217 -14837 2657
-4676 1790 -15328 6027 -15921 2359
-5754 -645 -18067 4186 -14027 4657
-7975 2558 -15193 3735 -12998 -322
-8007 2356 -11816 3039 -12996 3987
-4679 3166 -13955 3794 -14091 225
-5230 4089 -14978 2474 -13980 -830
-9134 -512 -17465 379 -14176 1415
5631 -1247 13842 -3271 14639 -673
7156 -1491 12427 -1447 12968 -2502
2243 -1983 10153 -698 12676 1124
5586 -3041 16605 -3637 14102 -2392
3263 -3205 14865 -4915 13885 -2285
4764 -547 17350 -3544 17444 -3355
5255 1001 13690 -3751 11498 -4653
6564 -1973 16287 -637 12875 2913
5166 -4655 14904 -4587 15112 -2514
5756 -2736 16100 -822 14832 -756
8169 -982 18290 -1121 15234 -1150
6008 656 13655 -1871 13481 -1226
4338 -2312 15440 -3843 15137 -1948
5299 -1200 15972 -5680 18317 -2602
4803 42 17351 -1908 16189 -1605
6727 -1866 15258 -4945 17614 -2953
3926 -2217 14659 -3301 15514 -1335
6132 277 14956 -3741 13266 -5582
5830 -2423 15758 -3295 16632 -4127
4226 -5613 14681 -5842 13417 -1915
-4584 -429 -13042 6033 -10753 2688
-4100 2103 -14027 7923 -16789 3891
-3547 1109 -12619 2358 -13666 3359
-3137 1196 -13129 726 -17739 -647
-5789 926 -13343 2614 -14400 2646
-4999 36 -15776 5772 -15240 3525
-2751 239 -13987 399 -13690 -931
-714 1320 -14052 5532 -15079 5899
-3252 2447 -14263 2756 -14288 941
-3083 3974 -12272 5840 -15248 5692
-3863 1046 -14272 2762 -13183 4451
-5195 746 -16386 4224 -15276 4424
-4876 449 -14400 867 -15436 1400
-2733 3195 -13728 4757 -13453 5467
9 -4105 -12503 333 -13447 1891
-3521 254 -13527 3270 -16189 3452
-5147 884 -15319 5732 -16463 3955
-3441 4250 -14685 6112 -14535 1254
-6501 12 -13038 3704 -13001 2492
-5229 781 -10488 1978 -13036 3486
4014 -1684 14576 -8030 15401 -5257
5790 -570 18258 -2184 17182 -2122
6527 3344 14835 -451 14430 -1706
4989 782 17880 -1257 18767 1100
6456 -592 16166 -1503 16983 328
4693 -14 15973 -3042 15045 -2854
8087 -1453 16415 -3949 13859 -3836
3178 -2418 11796 -3209 13867 -2289
2335 277 13413 -2880 16669 -2493
6526 -2747 17248 -579 17113 2853
6607 1281 15343 -762 14042 1960
5675 -1621 17172 -4765 17806 -4125
5128 -870 14365 780 13744 -270
3188 635 12901 -773 14466 564
4510 2661 15304 1675 15882 -508
7647 -1089 15003 -3384 15200 -2196
4716 1226 12006 1924 12973 -1703
3949 -1328 13054 181 16220 201
3429 -1803 15246 -203 15893 -472
7835 -5199 19177 -2140 17874 1022
-4612 904 -13500 1160 -15691 2456
-5017 342 -15893 -535 -16439 1263
-5523 1311 -14278 2925 -15700 1286
-5493 -539 -14988 -533 -17688 -2534
-2898 1908 -13878 -893 -14850 -1614
-1338 -929 -11040 2270 -15870 1620
-6260 4043 -15258 60 -14321 1689
-5102 2866 -16902 -702 -18068 -3518
-4008 339 -13941 -1267 -17811 -1897
-5759 2108 -15118 2176 -16338 1080
-3793 -3120 -13542 1195 -15952 -647
-3222 156 -15670 -455 -16516 -1535
-4963 -21 -13616 2406 -14554 2227
-1070 -99 -12652 -1208 -17271 1390
-3436 -2398 -12231 -133 -14021 233
-5503 1328 -16885 -415 -17962 1122
-4304 1844 -14368 1882 -15843 3319
-4906 41 -17294 -1194 -16503 143
-5375 630 -16605 -893 -14108 -1851
-8864 756 -13580 -234 -13729 296
-2914 -458 -13897 -942 -16792 -2110
-6808 -240 -14980 309 -15923 -426
-7722 1015 -16039 5062 -16803 2527
-1615 3068 -13465 4226 -14317 3709
-2233 -1084 -15027 35 -17119 -290
-5596 -429 -14822 -1567 -15712 -78
-4254 -991 -16942 399 -19300 -539
-1843 679 -13286 2212 -14493 2210
-4728 1954 -15849 3338 -16729 1738
-5144 2195 -16123 593 -16128 -2024
-5418 -4204 -19215 -4020 -16307 -1520
-5305 2849 -14043 3019 -13217 2860
-5073 1480 -14680 113 -17488 1320
-3315 -724 -12582 176 -15976 54
-3900 -1452 -15233 -3887 -17548 -2863
-4983 1949 -11362 -246 -14567 -2392
-3734 858 -15665 3296 -17557 2524
-2088 2557 -11243 1706 -13790 -770
-3180 3657 -11889 -354 -15086 1450
-5876 1013 -16389 -1550 -16908 -358
3203 -966 10352 -1650 13075 3348
2855 -4035 13716 839 17262 1568
7792 1167 17766 2017 17042 3134
3331 -2466 15284 -1609 18727 2289
4003 -817 12484 1637 14343 1072
2788 -4077 12471 -1426 17532 1057
7281 -961 15584 3867 15137 3976
3983 -1367 14721 1666 16289 3237
3019 41 15964 3480 20903 4128
3348 -1306 13518 -2633 18846 1950
5670 -371 13547 3101 15568 5234
5897 3728 15828 3535 19084 1245
1436 1671 11936 -556 15046 2120
5941 2344 15143 1926 17656 595
1975 -1825 15125 -539 16352 1102
5138 -2279 15549 -1534 17806 2169
5234 1152 12654 4733 13775 3299
5753 -1979 16167 -2086 19089 744
3595 -60 13815 3003 15011 689
3097 -2199 13955 -540 16458 986
4035 680 15163 414 19362 -860
2829 -1273 12809 -907 17359 -359
1670 -1363 13176 -1701 15496 -1797
7982 -2003 16918 -2283 14897 -202
6236 1879 17349 -615 18658 -1293
240 -4184 14059 -2774 21072 -2554
3708 1303 12741 3022 15484 -315
3427 -2647 13544 -1727 15621 503
4991 -2624 13743 1065 18084 1160
4811 1860 14559 1517 18142 2096
5175 832 15075 258 16770 1016
3473 -3641 12700 -1456 17772 -2468
3428 172 13032 -600 15907 251
1112 -6107 11645 -3839 16865 366
4004 -1298 12814 280 14692 1297
4977 -590 12199 3739 13351 3742
4004 1871 14079 1785 17150 2046
3584 -2013 14480 229 16382 2553
4294 -40 12800 1686 16225 136
6336 -1637 17919 -1772 16432 -223
-2071 -1364 -12612 -224 -15187 43
-2490 -874 -11769 -503 -16960 131
-5805 -3582 -14775 3164 -21372 4437
-4711 5437 -17536 6210 -19366 7456
-1897 -466 -14537 -212 -18678 1887
-3113 1592 -16612 -449 -19824 -2271
-36 2959 -11737 2019 -15789 -219
-4918 1244 -12957 -140 -14971 1013
-89 314 -9792 1853 -17295 1827
-4041 4101 -13472 805 -16190 691
-5997 1213 -13016 191 -14873 -644
-3782 2838 -13687 1698 -17296 -311
-1392 -1442 -12804 -2133 -17000 -1444
-5679 -493 -16510 -822 -16360 -1858
156 680 -12309 2056 -15987 -834
-901 3144 -11649 1997 -17318 199
-1948 -239 -12341 1155 -17419 770
-3371 1622 -11848 -1120 -17209 -761
-3922 -1264 -12064 341 -17076 2033
584 477 -10704 -263 -16479 -2341
-1623 832 -12427 -1251 -16038 -1539
-2436 2845 -14934 -349 -21557 -2513
-3896 2415 -14721 2614 -16647 1587
-4589 1823 -13838 734 -16484 -565
-1261 1845 -14084 1244 -17844 0
-3573 1022 -13527 -1189 -17253 -1044
-1740 2442 -13070 1035 -14155 -2882
-3901 2175 -14116 2734 -17575 0
-1398 -3101 -12314 -3944 -16960 -4368
-4054 3258 -13107 2550 -15931 198
-5431 -3768 -12767 -4198 -15951 -2395
-4257 -252 -15201 -1674 -17758 261
-4732 883 -13740 -899 -18522 -382
-3965 -19 -13028 -1195 -16328 1751
-1988 -1424 -12957 -4241 -16961 -2347
-4765 -408 -14707 42 -16919 -17
-4422 2474 -14867 -91 -17938 2180
-4181 2344 -11509 4740 -16208 4631
-1173 1928 -10209 5630 -15964 5096
-4119 2273 -12724 2033 -18229 2472
-4467 3961 -12952 1102 -16775 -470
-4407 4213 -14927 1165 -17055 -721
-2537 1342 -13703 -935 -20478 -1465
-3156 383 -14282 -2751 -17467 -2374
-5825 -1459 -12447 -898 -16311 -588
-3962 1945 -15200 1961 -15288 980
-3666 -361 -12999 -3655 -16276 -2019
-3328 168 -15493 -4746 -16893 -4011
-3791 2113 -12633 743 -15479 -436
-5715 1101 -14689 998 -17492 -2112
-4985 1154 -16555 449 -16509 -1358
-2812 -467 -15190 1301 -19183 1809
-2464 -2615 -12293 -1715 -16928 -970
-10 1573 -11315 1265 -13461 467
-3669 -651 -11764 -1274 -14723 74
-4245 1806 -14981 3572 -17033 -193
-3620 -2816 -10195 -2100 -15186 487
-1380 -1522 -11552 -1919 -15956 -3346
-1795 -1407 -10095 -359 -13675 -433
-4642 3800 -14507 1864 -15441 -1127
-3140 2574 -9782 451 -17430 -646
-1909 -1293 -12927 -1995 -15526 -3464
-2951 1895 -13069 1165 -20324 -800
-3900 3683 -11972 -1406 -17046 -3929
-2726 -1741 -15617 -2679 -15600 -3097
-1688 4782 -9267 -1220 -13472 -3809
-4701 -466 -13566 758 -16200 -1613
-5896 1272 -12177 -846 -16372 -2552
-1299 -3679 -10939 -2738 -17648 -293
-1104 1724 -10375 -1687 -15926 -4770
-2911 157 -11985 -1578 -17735 -1378
-999 2458 -11738 297 -18899 1450
-3452 1119 -11501 2993 -15058 -1723
-5994 2304 -16495 106 -17801 845
-4478 -429 -13803 -4635 -14690 -2773
-1380 732 -10715 -3872 -19963 -977
-3293 -1328 -14089 864 -16801 3439
-6050 -2744 -14581 730 -18279 2179
-2101 1242 -12048 842 -17765 852
